TITU
****   Sistema teste de 24 barras - IEEE  ****
DCTE
BASE 100.00 DASE   6264 TEPA 0.1000 EXST 0.4000 TETP 5.0000 TBPA 5.0000
TLPP 1.0000 TEPR 0.1000 QLST 0.4000 TLPR 1.0000 TSBZ 0.0100
TSBA 5.0000 ASTP 0.0500 VSTP 5.0000 TLVC 0.1000 TLTC 0.1000 TSFR 0.0100
ZMAX 500.00 VDVM 150.00 VDVN 01.000 TUDC 0.0100 TADC 0.0100
PGER 30.000 TPST 500.00 LFIT     10 ACIT     30 LFCV      3
DCIT     10 VSIT     10 LPIT     50 LFLP     10 LCRT     32
99999
(
(=======================================================================
( DADOS DE BARRAS CA
(=======================================================================
DBAR
(Num)OETGb(   nome   )Gl( V)( A)( Pg)( Qg)( Qn)( Qm)(Bc  )( Pl)( Ql)( Sh)Are(Vf)M(1)(2)(3)(4)(5)(6)Sub
    1  1G     BARRA01 1 1030   0192.0  0.0-50.0 80.0      193.5 22.0      01                       1
    2  1G     BARRA02 1 1030   0192.0  0.0-50.0 80.0      173.8 20.0      01                       1
    3  0G     BARRA03 0 1000   0  0.0  0.0  0.0  0.0      322.5 37.0      01                       1
    4  0G     BARRA04 0 1000   0  0.0  0.0  0.0  0.0      132.6 15.0      01                       1
    5  0G     BARRA05 0 1000   0  0.0  0.0  0.0  0.0      127.2 14.0      01                       1
    6  0G     BARRA06 0 1000   0  0.0  0.0  0.0  0.0      243.6 28.0      01                       1
    7  1G     BARRA07 1 1030   0250.0  0.0  0.0160.0      223.9 25.0      01                       1
    8  0G     BARRA08 0 1000   0  0.0  0.0  0.0  0.0      306.3 35.0      01                       1
    9  0G     BARRA09 0 1000   0  0.0  0.0  0.0  0.0      313.5 36.0      01                       1
   10  0G     BARRA10 0 1000   0  0.0  0.0  0.0  0.0      349.3 40.0      01                       1
   11  0G     BARRA11 0 1000   0  0.0  0.0  0.0  0.0        0.0  0.0      01                       1
   12  0G     BARRA12 0 1000   0  0.0  0.0  0.0  0.0        0.0  0.0      01                       1
   13  2G     BARRA13 1 1000   0391.0  0.0  0.0240.0      474.7 54.0      01                       1
   14  1G     BARRA14 1 1020   0  0.0  0.0-50.0200.0      638.0 39.0      02                       2
   15  1G     BARRA15 1 1000   0215.0  0.0-50.0110.0       1042 64.0      02                       2
   16  1G     BARRA16 1 1010   0155.0  0.0-50.0 80.0      328.9 20.0      02                       2
   17  0G     BARRA17 0 1000   0  0.0  0.0  0.0  0.0        0.0  0.0      02                       2
   18  1G     BARRA18 1 1020   0400.0  0.0-50.0200.0       1095 68.0      02                       2
   19  0G     BARRA19 0 1000   0  0.0  0.0  0.0  0.0      595.3 37.0      02                       2
   20  0G     BARRA20 0 1000   0  0.0  0.0  0.0  0.0      421.0 26.0      02                       2
   21  1G     BARRA21 1 1030   0400.0  0.0-50.0200.0        0.0  0.0      02                       2
   22  1G     BARRA22 1 1050   0300.0  0.0-60.0 96.0        0.0  0.0      02                       2
   23  1G     BARRA23 1 1020   0660.0  0.0 -125310.0        0.0  0.0      02                       2
   24  0G     BARRA24 0 1000   0  0.0  0.0  0.0  0.0        0.0  0.0      02                       2
99999
(=======================================================================
( DADOS DE CIRCUITOS CA
(=======================================================================
DLIN
(De )d O d(Pa )NcEP ( R% )( X% )(Mvar)(Tap)(Tmn)(Tmx)(Phs)(Bc  )(Cn)(Ce)Ns(Cq)(1)(2)(3)(4)(5)(6)
    1         2 1   0.26001.3900 46.11                          450
    1         3 1   5.460021.120  5.72                          450
    1         5 1   2.1800 8.450  2.29                          450
    2         4 1   3.280012.670  3.43                          450
    2         6 1   4.970019.200  5.20                          450
    3         9 1   3.080011.900  3.22                          450
    3        24 1   0.2300 8.390  0.00  1.0  0.8  1.1           450
    4         9 1   2.680010.370  2.81                          450
    5        10 1   2.2800 8.830  2.39                          450
    6        10 1   1.3900 6.050 245.9                          450
    7         8 1   1.5900 6.140  1.66                          450
    8         9 1   4.270016.510  4.47                          450
    8        10 1   4.270016.510  4.47                          450
    9        11 1   0.2300 8.390  0.00  1.0  0.8  1.1           450
    9        12 1   0.2300 8.390  0.00  1.0  0.8  1.1           450
   10        11 1   0.2300 8.390  0.00  1.0  0.8  1.1           450
   10        12 1   0.2300 8.390  0.00  1.0  0.8  1.1           450
   11        13 1   0.6100 4.760  9.99                          450
   11        14 1   0.5400 4.180  8.79                          450
   12        13 1   0.6100 4.760  9.99                          450
   12        23 1   1.2400 9.660 20.30                          450
   13        23 1   1.1100 8.650 18.18                          450
   14        16 1   0.5000 3.890  8.18                          450
   15        16 1   0.2200 1.730  3.64                          450
   15        21 1   0.6300 4.900 10.30                          450
   15        21 2   0.6300 4.900 10.30                          450
   15        24 1   0.6700 5.190 10.91                          450
   16        17 1   0.3300 2.590  5.45                          450
   16        19 1   0.3000 2.310  4.85                          450
   17        18 1   0.1800 1.440  3.03                          450
   17        22 1   1.350010.530 22.12                          450
   18        21 1   0.3300 2.590  5.45                          450
   18        21 2   0.3300 2.590  5.45                          450
   19        20 1   0.5100 3.960  8.33                          450
   19        20 2   0.5100 3.960  8.33                          450
   20        23 1   0.2800 2.160  4.55                          450
   20        23 2   0.2800 2.160  4.55                          450
   21        22 1   0.8700 6.780 14.24                          450
99999
(=======================================================================
( AREAS
(=======================================================================
DARE
(Ar    (Xchg)     (      Identificacao da area       ) (Xmin) (Xmax)
  1        0.     *              AREA1               *                1
  2        0.     *              AREA2               *                2
99999
(=======================================================================
( DGLT
(=======================================================================
DGLT
(G (Vmn) (Vmx)
 0  .950 1.050
99999
DGBT
(G ( kV)
 G    1.
99999
(=======================================================================
( UNIDADES GERADORAS CONECTADAS A REDE
(=======================================================================
DUSI
(No) O( No) (Nome      )  ## DD (Pmin)(Pmax)(Qmin)(Qmax)    (Dumm)(Dumm)(No)#t
  01     1  FURNAS         6        0.  164.   -90    60                 0061H
  02     1  FURNAS         2        0.  164.   -90    60                 0062H
  03     2  M DE MORAES    2        0.   38.    -6    16                 0071H
  04     2  M DE MORAES    2        0.   38.    -6    16                 0072H
  05     2  M DE MORAES    4        0.   51.   -20    21                 0073H
  06     2  M DE MORAES    2        0.   54.   -20    21                 0074H
  07    13  ESTREITO       6        0.  184.   -90    70                 0081H
  08    13  IGARAPAVA      5        0.   42.   -14    14                 0101H
  09    13  A S OLIVEIRA   2        0.   16.  -8.5   8.5                 0161H
  10    16  EMBORCACAO     4        0.  298.   -68    83                 0241H
  11    15  NOVA PONTE     3        0.  170. -9999  9999                 0251H
  12    15  MIRANDA        3        0.  136. -9999  9999                 0261H
  13    15  CORUMBA I      3        0.  125. -9999  9999                 0301H
  14    18  ITUMBIARA      6        0.  380.   -91   100                 0311H
  15    22  CACH DOURADA   2        0.   17.    -8     8                 0321H
  16    22  CACH DOURADA   3        0.   54.   -25    25                 0322H
  17    22  CACH DOURADA   3        0.   54.   -25    25                 0323H
  18    22  CACH DOURADA   2        0.   54.   -25    25                 0324H
  19    22  SAO SIMAO      3        0.  285.   -80    80                 0331H
  20    23  SAO SIMAO      3        0.  285.   -80    80                 0331H
  21     4  CACONDE        1        0.  200.                             0141H
  22     4  CACONDE        1        0.  200.                             0142H
  23     5  E DA CUNHA     4        0.  200.                             0151H
  24    14  SCRUZ 342      1        0.   84.   -95   110                 004 T
  25     1  ANGRA          1      300.  657.  -360   360                 001 T
  26     2  SCRUZ 12       1       25.   84.   -95   110                 003 T   
  27     3  PIRAT 3+4      1       10.   50.   -20    80                 050 T
  28    13  IGARAPE        1       40.  131.   -93    93                 002 T
99999
FIM
